   100   293     0   293
   100   293     0   293
   100   293     0   293
   100   293     0   293
   100   293     0   293
   100   294     1   293
   100   293     1   293
   100   293     1   293
   100   294     2   293
   100   293     2   293
   100   294     3   293
   100   294     4   293
   100   294     5   293
   100   293     5   293
   100   293     5   293
   100   294     6   293
   100   293     6   293
   100   293     6   293
   100   293     6   293
   100   293     6   293
   100   293     6   293
   100   294     7   293
   100   293     7   293
   100   294     8   293
   100   294     9   293
   100   293     9   293
   100   294    10   293
   100   294    11   293
   100   294    12   293
   100   293    12   293
   100   293    12   293
   100   294    13   293
   100   294    14   293
   100   293    14   293
   100   293    14   293
   100   293    14   293
   100   293    14   293
   100   293    14   293
   100   295    15   293
   100   295    16   293
   100   294    17   293
   100   294    18   293
   100   293    18   293
   100   293    18   293
   100   293    18   293
   100   292    17   293
   100   294    18   293
   100   294    19   293
   100   294    20   293
   100   294    21   293
   100   277    13   293
   100   224   -22   293
   100   262   -38   293
   100   317   -26   293
   100   294   -25   293
   100   280   -32   293
   100   327   -15   293
   100   347    12   293
   100   334    33   293
   100   342    58   293
   100   396   110   293
   100   374   151   293
   100   312   161   293
   100   180   104   293
   100   139    27   293
   100   229    -5   293
   100   266   -19   293
   100   296   -17   293
   100   316    -5   293
   100   336    17   293
   100   297    19   293
   100   312    29   293
   100   304    35   293
   100   299    38   293
   100   298    41   293
   100   297    43   293
   100   294    44   293
   100   295    45   293
   100   295    46   293
   100   294    47   293
   100   295    48   293
   100   293    48   293
   100   294    49   293
   100   293    49   293
   100   293    49   293
   100   294    50   293
   100   294    51   293
   100   294    52   293
   100   294    53   293
   100   295    54   293
   100   299    57   293
   100   295    58   293
   100   292    57   293
   100   292    56   293
   100   292    55   293
   100   292    54   293
   100   293    54   293
   100   293    54   293
   100   293    54   293
   100   293    54   293
   100   293    54   293
   100   294    55   293
   100   294    56   293
   100   294    57   293
   100   294    58   293
   100   294    59   293
   100   294    60   293
   100   294    61   293
   100   294    62   293
   100   294    63   293
   100   294    64   293
   100   293    64   293
   100   294    65   293
   100   299    68   293
   100   294    69   293
   100   299    72   293
   100   295    73   293
   100   292    72   293
   100   297    74   293
   100   300    78   293
   100   294    79   293
   100   287    76   293
   100   289    74   293
   100   292    73   293
   100   293    73   293
   100   294    74   293
   100   294    75   293
   100   294    76   293
   100   293    76   293
   100   292    75   293
   100   293    75   293
   100   294    76   293
   100   294    77   293
   100   294    78   293
   100   294    79   293
   100   294    80   293
   100   294    81   293
   100   294    82   293
   100   293    82   293
   100   294    83   293
   100   294    84   293
   100   294    85   293
   100   294    86   293
   100   294    87   293
   100   294    88   293
   100   294    89   293
   100   294    90   293
   100   294    91   293
   100   293    91   293
   100   295    92   293
   100   293    92   293
   100   294    93   293
   100   294    94   293
   100   294    95   293
   100   294    96   293
   100   294    97   293
   100   293    97   293
   100   293    97   293
   100   294    98   293
   100   293    98   293
   100   294    99   293
   100   294   100   293
   100   294   101   293
   100   294   102   293
   100   294   103   293
   100   294   104   293
   100   294   105   293
   100   293   105   293
   100   294   106   293
   100   293   106   293
   100   294   107   293
   100   294   108   293
   100   293   108   293
   100   296   110   293
   100   297   112   293
   100   292   111   293
   100   292   110   293
   100   292   109   293
   100   289   107   293
   100   295   108   293
   100   296   110   293
   100   295   111   293
   100   294   112   293
   100   294   113   293
   100   294   114   293
   100   294   115   293
   100   293   115   293
   100   293   115   293
   100   293   115   293
   100   294   116   293
   100   294   117   293
   100   294   118   293
   100   294   119   293
   100   293   119   293
   100   294   120   293
   100   294   121   293
   100   294   122   293
   100   294   123   293
   100   294   124   293
   100   293   124   293
   100   294   125   293
   100   294   126   293
   100   294   127   293
   100   293   127   293
   100   294   128   293
   100   294   129   293
   100   293   129   293
   100   294   130   293
   100   293   130   293
   100   294   131   293
   100   294   132   293
   100   294   133   293
   100   293   133   293
   100   295   134   293
   100   296   136   293
   100   295   137   293
   100   294   138   293
   100   290   136   293
   100   293   136   293
   100   291   135   293
   100   291   134   293
   100   288   131   293
   100   297   133   293
   100   307   140   293
   100   289   138   293
   100   290   136   293
   100   289   134   293
   100   296   136   293
   100   285   132   293
   100   290   130   293
   100   290   128   293
   100   305   134   293
   100   290   132   293
   100   298   135   293
   100   292   134   293
   100   285   130   293
   100   295   131   293
   100   297   133   293
   100   297   135   293
   100   296   137   293
   100   290   135   293
   100   291   134   293
   100   293   134   293
   100   293   134   293
   100   312   144   293
   100   305   150   293
   100   259   133   293
   100   211    92   293
   100   268    79   293
   100   382   124   293
   100   381   168   293
   100   322   183   293
   100   262   167   293
   100   256   148   293
   100   281   142   293
   100   285   138   293
   100   293   138   293
   100   295   139   293
   100   295   140   293
   100   295   141   293
   100   294   142   293
   100   295   143   293
   100   294   144   293
   100   293   144   293
   100   293   144   293
   100   294   145   293
   100   294   146   293
   100   294   147   293
   100   293   147   293
   100   293   147   293
   100   294   148   293
   100   294   149   293
   100   293   149   293
   100   293   149   293
   100   294   150   293
   100   294   151   293
   100   294   152   293
   100   293   152   293
   100   294   153   293
   100   293   153   293
   100   293   153   293
   100   294   154   293
   100   293   154   293
   100   293   154   293
   100   294   155   293
   100   294   156   293
   100   294   157   293
   100   293   157   293
   100   293   157   293
   100   294   158   293
   100   293   158   293
   100   293   158   293
   100   294   159   293
   100   293   159   293
   100   293   159   293
   100   294   160   293
   100   294   161   293
   100   294   162   293
   100   294   163   293
   100   294   164   293
   100   293   164   293
   100   294   165   293
   100   294   166   293
   100   294   167   293
   100   294   168   293
   100   294   169   293
   100   294   170   293
   100   293   170   293
   100   293   170   293
   100   294   171   293
   100   293   171   293
   100   293   171   293
   100   293   171   293
   100   294   172   293
   100   293   172   293
   100   288   169   293
   100   284   164   293
   100   288   161   293
   100   302   166   293
   100   300   170   293
   100   298   173   293
   100   294   174   293
   100   294   175   293
   100   294   176   293
   100   294   177   293
   100   293   177   293
   100   293   177   293
   100   294   178   293
   100   294   179   293
   100   293   179   293
   100   293   179   293
   100   293   179   293
   100   288   176   293
   100   293   176   293
   100   291   175   293
   100   413   235   293
   100   376   277   293
   100   286   273   293
   100   264   258   293
   100   239   231   293
   100   257   213   293
   100   273   203   293
   100   280   196   293
   100   287   193   293
   100   289   191   293
   100   289   189   293
   100   293   189   293
   100   294   190   293
   100   294   191   293
   100   293   191   293
   100   292   190   293
   100   293   190   293
   100   295   191   293
   100   295   192   293
   100   295   193   293
   100   294   194   293
   100   295   195   293
   100   294   196   293
   100   294   197   293
   100   295   198   293
   100   293   198   293
   100   295   199   293
   100   293   199   293
   100   293   199   293
   100   294   200   293
   100   293   200   293
   100   287   197   293
   100   293   197   293
   100   291   196   293
   100   194   146   293
   100   219   109   293
   100   292   108   293
   100   356   140   293
   100   340   164   293
   100   326   181   293
   100   314   192   293
   100   307   199   293
   100   300   203   293
   100   297   205   293
   100   295   206   293
   100   294   207   293
   100   295   208   293
   100   294   209   293
   100   294   210   293
   100   293   210   293
   100   293   210   293
   100   294   211   293
   100   294   212   293
   100   294   213   293
   100   294   214   293
   100   293   214   293
   100   293   214   293
   100   293   214   293
   100   293   214   293
   100   293   214   293
   100   294   215   293
   100   294   216   293
   100   292   215   293
   100   289   213   293
   100   253   193   293
   100   208   150   293
   100   248   127   293
   100   319   140   293
   100   331   159   293
   100   327   176   293
   100   318   189   293
   100   310   198   293
   100   304   204   293
   100   296   206   293
   100   292   205   293
   100   295   206   293
   100   295   207   293
   100   352   237   293
   100   382   282   293
   100   345   308   293
   100   270   296   293
   100   240   269   293
   100   253   249   293
   100   272   238   293
   100   285   234   293
   100   287   231   293
   100   289   229   293
   100   289   227   293
   100   292   226   293
   100   292   225   293
   100   292   224   293
   100   295   225   293