
     0     2
     0     2
     0     2
     0     2
     0     2
     0     2
     0     2
     0     2
     0     2
     0     2
     0     2
     0     2
     0     2
     0     2
     0     2
     0     2
     0     2
     0    -8
     0    -8
     0    -8
     0    -8
   -23   -90
  -148  -284
  -281  -326
  -342  -381
  -349  -344
  -349  -366
  -429  -566
  -588  -593
  -521  -416
  -418  -399
  -454  -507
  -561  -655
  -668  -753
  -701  -590
  -508  -353
  -296  -181
  -189   -74
   -82   -14
   -45   -14
   -45   -14
   -45   -14
   -45   -14
   -45   -14
   -45   -14
   -45   -14
   -45   -14
   -45   -11
    32    88
    65   117
   197   312
   291   322
   281   204
   174   135
   167   135
   167   135
   167   135
    86    33
    45    13
    45    13
    45    15
    45    57
   155   352
   457   647
   636   698
   767   966
   978  1091
  1050  1191
  1257  1375
  1303  1174
  1064   805
   740   515
   501   342
   351   235
   244   164
   196   164
   196   164
   196   164
   196   164
   196   164
   196   172
   168    21
   -96  -328
  -277  -275
  -220  -168
  -112   -60
   -16    32
    20    51
    21    52
    21    52
    21    52
    21    52
    21    52
    21    52
    21    52
    21    52
    21    52
    21    52
    21    52
    21    52
    21    52
    21    52
    21    52
    21    52
    21    52
    21    52
    21    52
    21    52
    21    52
    21    52
    21    52
    21    52
    21    52
    21    52
    21    52
    21    52
    21    52
    21    52
    21    52
    21    52
    21    52
    21    52
    21    52
    21    52
    21    52
    21    52
