
     0     0
     0     0
     0     0
     0     0
     0     0
     0     0
     0     0
     0     0
     0     0
     0     0
     0     0
     0     0
     0     0
     0     0
     0     0
     0    -6
   -85  -113
  -143  -156
  -234  -278
  -376  -426
  -454  -463
  -459  -461
  -490  -519
  -555  -544
  -410  -346
  -282  -262
  -269  -262
  -207  -200
  -265  -273
  -205  -163
   -63   -21
   -15    -8
   -15    -8
   -15    -8
   -15    -8
   -15    -8
   -15    -8
   -15   -14
   -15   -14
   -15   -14
   -15   -14
    47    77
    76    31
  -119  -166
  -175  -147
   -67   -44
   -34   -27
   -34   -27
   -34   -27
   -34   -27
   -34   -27
   -34   -27
   -34   -27
   -34   -27
   -34   -27
   -34   -27
   -34   -27
     5    34
   105   122
   129   149
   221   236
   264   271
   290   349
   679   858
  1035  1015
   865   767
   544   446
   277   197
    99    56
    -8   -41
   -33   -41
   -33   -41
   -33   -16
    82   125
   208   248
   192   163
    84    56
   -23   -51
   -57   -65
   -57   -65
   -57   -65
   -57   -65
   -57   -65
   -57   -65
   -57   -65
   -57   -65
   -57   -65
   -57   -65
   -57   -65
     2    82
   407   545
   835   979
  1175  1254
  1293  1258
  1104  1003
   780   679
   515   458
   395   351
   287   243
   202   194
   119    90
    11    -6
    -6   -14
    -6   -14
    -6   -14
    -6   -14
    -6   -14
    -6   -30
   -50   -58
   -20   -13
   -20   -13
   -20   -13
    26    68
    88    95
    88    95
    88    90
    88    90
    88    90
    88    90
    88    90
    88    90
    88    90
    88    90
    88    90
    88    90
    88    90
    88    90
    88    90
    88    90
    49    15
    11     3
    11     0
   -28   -34
   -81  -167
  -649  -950
 -1428 -1595
 -1580 -1505
 -1224 -1080
  -811  -699
  -551  -498
  -428  -385
  -324  -317
  -324  -317
  -324  -315
  -236  -208
  -128  -101
   -81   -74
   -81   -74
   -81   -74
   -81   -74
   -81   -74
   -81   -74
   -81   -74
   -81   -74
   -81   -74
   -81   -74
   -81   -74
   -81   -74
   -81   -74
   -81   -74
   -81   -74
  